42
2
26 87 93
2
3 93 10
2
76 18 19
3
6 86 86 64
3
22 97 34 40
3
99 23 29 96
4
60 59 58 50 2
4
51 2 63 61 15
4
89 48 59 43 92
5
68 18 61 87 24 46
5
72 87 19 21 21 58
5
71 95 38 67 54 96
6
24 55 49 27 56 12 87
6
23 100 86 81 42 29 1
6
11 89 87 34 86 10 21
7
4 82 93 61 53 87 98 19
7
40 45 42 47 46 20 2 57
7
59 24 8 44 5 1 73 57
8
11 61 95 97 99 4 69 2 38
8
61 63 90 99 12 8 90 9 1
8
36 54 73 38 62 31 61 21 74
9
17 21 98 73 83 11 19 31 9 23
9
99 10 12 11 24 1 9 88 60 99
9
96 12 86 1 84 75 14 14 36 34
10
40 4 6 37 29 88 99 47 71 7 21
10
69 17 32 80 92 84 40 79 43 90 26
10
7 76 78 90 50 91 56 37 24 47 93
11
29 83 73 69 82 19 39 40 92 59 8 75
11
38 100 59 78 30 53 19 56 59 94 33 1
11
96 24 56 32 99 2 76 80 36 48 48 69
12
19 38 9 10 96 16 84 34 67 94 63 97 99
12
81 4 57 27 36 57 22 11 64 5 62 17 81
12
41 5 28 88 73 46 25 33 7 72 1 43 5
13
67 36 19 15 34 52 18 43 78 6 51 51 16 67
13
7 77 83 87 69 87 67 56 12 64 32 96 71 4
13
96 13 60 15 100 31 29 86 82 47 80 11 52 30
14
13 19 48 19 48 31 6 16 69 24 24 80 87 55 76
14
9 10 23 73 70 37 25 100 18 10 33 64 41 43 67
14
22 7 37 70 25 84 100 82 100 20 5 75 100 44 29
15
27 52 39 49 25 60 38 49 59 55 10 43 70 50 37 88
15
23 43 24 92 67 8 43 1 59 63 5 33 62 48 13 40
15
52 3 40 28 62 29 28 72 83 37 14 4 38 50 91 12
