60
5
1 2 3 4 5 6
5
1 2 3 4 5 6
5
1 2 3 4 5 6
5
1 2 3 4 5 6
5
1 2 3 4 5 6
5
1 2 3 4 5 6
5
1 2 3 4 5 6
5
1 2 3 4 5 6
5
1 2 3 4 5 6
5
1 2 3 4 5 6
6
1 2 3 4 5 6 7
6
1 2 3 4 5 6 7
6
1 2 3 4 5 6 7
6
1 2 3 4 5 6 7
6
1 2 3 4 5 6 7
6
1 2 3 4 5 6 7
6
1 2 3 4 5 6 7
6
1 2 3 4 5 6 7
6
1 2 3 4 5 6 7
6
1 2 3 4 5 6 7
7
1 2 3 4 5 6 7 8
7
1 2 3 4 5 6 7 8
7
1 2 3 4 5 6 7 8
7
1 2 3 4 5 6 7 8
7
1 2 3 4 5 6 7 8
7
1 2 3 4 5 6 7 8
7
1 2 3 4 5 6 7 8
7
1 2 3 4 5 6 7 8
7
1 2 3 4 5 6 7 8
7
1 2 3 4 5 6 7 8
8
1 2 3 4 5 6 7 8 9
8
1 2 3 4 5 6 7 8 9
8
1 2 3 4 5 6 7 8 9
8
1 2 3 4 5 6 7 8 9
8
1 2 3 4 5 6 7 8 9
8
1 2 3 4 5 6 7 8 9
8
1 2 3 4 5 6 7 8 9
8
1 2 3 4 5 6 7 8 9
8
1 2 3 4 5 6 7 8 9
8
1 2 3 4 5 6 7 8 9
9
1 2 3 4 5 6 7 8 9 10
9
1 2 3 4 5 6 7 8 9 10
9
1 2 3 4 5 6 7 8 9 10
9
1 2 3 4 5 6 7 8 9 10
9
1 2 3 4 5 6 7 8 9 10
9
1 2 3 4 5 6 7 8 9 10
9
1 2 3 4 5 6 7 8 9 10
9
1 2 3 4 5 6 7 8 9 10
9
1 2 3 4 5 6 7 8 9 10
9
1 2 3 4 5 6 7 8 9 10
10
1 2 3 4 5 6 7 8 9 10 11
10
1 2 3 4 5 6 7 8 9 10 11
10
1 2 3 4 5 6 7 8 9 10 11
10
1 2 3 4 5 6 7 8 9 10 11
10
1 2 3 4 5 6 7 8 9 10 11
10
1 2 3 4 5 6 7 8 9 10 11
10
1 2 3 4 5 6 7 8 9 10 11
10
1 2 3 4 5 6 7 8 9 10 11
10
1 2 3 4 5 6 7 8 9 10 11
10
1 2 3 4 5 6 7 8 9 10 11
