33
2
22 21 18
2
36 12 69
2
29 44 87
3
100 96 80 96
3
95 43 4 31
3
28 90 21 83
4
87 57 16 73 31
4
8 40 64 24 78
4
85 45 47 72 8
5
16 100 51 54 99 98
5
33 47 44 28 50 74
5
55 39 94 89 78 2
6
4 2 84 63 93 99 87
6
70 35 31 17 6 90 32
6
57 92 37 8 89 70 54
7
84 49 3 57 55 94 2 44
7
23 56 99 24 39 14 17 38
7
100 38 72 82 54 30 23 37
8
86 14 74 93 54 95 46 37 95
8
1 93 49 46 94 44 20 49 95
8
95 40 8 63 29 7 1 52 40
9
54 81 62 43 19 27 16 63 80 10
9
61 16 4 13 8 4 58 53 48 29
9
54 94 23 93 1 86 73 59 38 24
10
98 91 57 11 33 75 37 100 37 16 61
10
49 83 16 61 90 20 18 94 19 98 47
10
12 21 39 12 58 63 22 95 87 19 37
11
95 81 70 21 69 21 9 36 82 58 18 97
11
18 7 68 36 100 38 85 99 49 5 89 12
11
14 52 33 8 90 3 45 84 35 66 4 3
12
86 12 38 19 69 7 68 87 13 35 74 65 73
12
58 15 73 15 3 85 28 54 69 88 43 24 32
12
78 58 49 81 13 86 45 2 5 13 9 72 51
